
data[0] = 4.900000
data[1] = 3.400000
data[2] = 4.200000
data[3] = 2.100000
data[4] = 1.200000